FCC
0 0 1    0.8660    0.5000  0 1 0.1 B1
0 0 1    0.8660   -0.5000  0 1 0.1 B2
0 0 1    0   -1.0000       0 1 0.1 B3
0.5 0.866 0 0.8660   -0.5000         0 3 0.1 P1
1 0 0  0   -1.0000         0 3 0.1 P2
0.5 -0.866 0 0.8660    0.5000         0 3 0.1 P3
0.7374 0.4258 0.5243  -0.4541   -0.2622    0.8515 5 0.1 I1
0 0.8515 0.5243  0   -0.5243    0.8515 5 0.1 I2
-0.7374 0.4258 0.5243 0.4541   -0.2622    0.8515 5 0.1 I3
-0.7374 -0.4258 0.5243  0.4541    0.2622    0.8515 5 0.1 I4
0.7374 -0.4258 0.5243  -0.4541    0.2622    0.8515 5 0.1 I5
0 -0.8515 0.5243  0    0.5243    0.8515 5 0.1 I6
